"ID" "Time" "Event" "X"
1 38.5660335292238 1 0.327824198640883
1 39.5947298869168 1 0.327824198640883
1 168 0 0.327824198640883
2 81.8931824597421 1 -0.591919887810946
2 168 0 -0.591919887810946
3 64.7896571436373 1 -0.896255887113512
3 98.9055166237039 1 -0.896255887113512
3 168 0 -0.896255887113512
4 0.355279438830323 1 -0.976050528232008
4 12.1338519285507 1 -0.976050528232008
4 65.0899401943018 1 -0.976050528232008
4 76.4233966803581 1 -0.976050528232008
4 76.6327337311995 1 -0.976050528232008
4 120.158099636458 1 -0.976050528232008
4 145.745887543818 1 -0.976050528232008
4 168 0 -0.976050528232008
5 2.66114668968403 1 -1.18413749244064
5 105.345907524948 1 -1.18413749244064
5 168 0 -1.18413749244064
6 168 0 -1.19769287668169
7 1.26890722201582 1 -1.12958673667163
7 2.31199728515823 1 -1.12958673667163
7 3.7066031473921 1 -1.12958673667163
7 7.50995060214618 1 -1.12958673667163
7 10.5113273343422 1 -1.12958673667163
7 13.4690926226024 1 -1.12958673667163
7 14.1613815943183 1 -1.12958673667163
7 14.578755961188 1 -1.12958673667163
7 15.8853347903378 1 -1.12958673667163
7 18.000514136953 1 -1.12958673667163
7 20.0087282986102 1 -1.12958673667163
7 21.0403871779977 1 -1.12958673667163
7 21.3220726049979 1 -1.12958673667163
7 21.6603788073962 1 -1.12958673667163
7 27.1189119166041 1 -1.12958673667163
7 27.5540254309782 1 -1.12958673667163
7 28 0 -1.12958673667163
8 50.9342619892379 1 0.77801914815791
8 77.0153439198468 1 0.77801914815791
8 82.984739287031 1 0.77801914815791
8 99.5235517635699 1 0.77801914815791
8 138.007754658548 1 0.77801914815791
8 168 0 0.77801914815791
9 19.6212386053669 1 -0.400801117066294
9 24.4395442244659 1 -0.400801117066294
9 42.2862893267037 1 -0.400801117066294
9 69.1814405266105 1 -0.400801117066294
9 71.3191190868318 1 -0.400801117066294
9 83.1711833616736 1 -0.400801117066294
9 88.0019979866752 1 -0.400801117066294
9 112.354560033002 1 -0.400801117066294
9 124.066665142304 1 -0.400801117066294
9 126.897735710352 1 -0.400801117066294
9 127.534967029497 1 -0.400801117066294
9 127.862039957628 1 -0.400801117066294
9 135.58561876819 1 -0.400801117066294
9 143.401737951299 1 -0.400801117066294
9 151.104766001755 1 -0.400801117066294
9 153.883100752434 1 -0.400801117066294
9 164.490421966132 1 -0.400801117066294
9 168 0 -0.400801117066294
10 0.021315892028419 1 1.4311606362462
10 0.737890946952418 1 1.4311606362462
10 0.889961715733524 1 1.4311606362462
10 1.18024473023267 1 1.4311606362462
10 2.25037530899253 1 1.4311606362462
10 3.58599987168062 1 1.4311606362462
10 5.63313129152443 1 1.4311606362462
10 6.10657033104443 1 1.4311606362462
10 6.4737082164852 1 1.4311606362462
10 6.9514615633334 1 1.4311606362462
10 8.43846561729715 1 1.4311606362462
10 8.61831810092406 1 1.4311606362462
10 9.28833200105577 1 1.4311606362462
10 10.4224204658196 1 1.4311606362462
10 12.8067550894955 1 1.4311606362462
10 12.9803914540955 1 1.4311606362462
10 13.2862009952908 1 1.4311606362462
10 13.8312067723148 1 1.4311606362462
10 13.8626662249221 1 1.4311606362462
10 14.4888679982185 1 1.4311606362462
10 14.9349450520521 1 1.4311606362462
10 15.5315851581584 1 1.4311606362462
10 16.8074533285124 1 1.4311606362462
10 17.3399043079926 1 1.4311606362462
10 18.7210708571132 1 1.4311606362462
10 20.9809747527704 1 1.4311606362462
10 23.2365688750928 1 1.4311606362462
10 23.5212749286737 1 1.4311606362462
10 24.4459053132462 1 1.4311606362462
10 25.0531445795111 1 1.4311606362462
10 26.5361403908292 1 1.4311606362462
10 27.0916863699674 1 1.4311606362462
10 28 0 1.4311606362462
11 0.123923841543284 1 -1.38169134221971
11 0.490197552699079 1 -1.38169134221971
11 1.21119682506252 1 -1.38169134221971
11 2.70297027173899 1 -1.38169134221971
11 3.73869806004798 1 -1.38169134221971
11 5.42332048264871 1 -1.38169134221971
11 6.45625662505323 1 -1.38169134221971
11 7.01076421142533 1 -1.38169134221971
11 9.16835770157204 1 -1.38169134221971
11 9.54849600396838 1 -1.38169134221971
11 13.2981205701017 1 -1.38169134221971
11 13.647425599667 1 -1.38169134221971
11 15.6835248619543 1 -1.38169134221971
11 17.2816942756578 1 -1.38169134221971
11 19.8659833864407 1 -1.38169134221971
11 20.6263105117182 1 -1.38169134221971
11 28 0 -1.38169134221971
12 5.4828816331011 1 0.84015729976818
12 12.0728629501262 1 0.84015729976818
12 46.0611967891854 1 0.84015729976818
12 56.317943995706 1 0.84015729976818
12 71.6693142635449 1 0.84015729976818
12 85.646787133333 1 0.84015729976818
12 95.9912508654619 1 0.84015729976818
12 97.9891952190927 1 0.84015729976818
12 130.749919361506 1 0.84015729976818
12 168 0 0.84015729976818
13 0.348727393332931 1 -1.37913838983513
13 8.53906914912489 1 -1.37913838983513
13 12.0765089226489 1 -1.37913838983513
13 15.7512371317326 1 -1.37913838983513
13 26.0540757934812 1 -1.37913838983513
13 26.5968419000642 1 -1.37913838983513
13 29.2888810165988 1 -1.37913838983513
13 36.0593618669276 1 -1.37913838983513
13 44.517152541932 1 -1.37913838983513
13 47.0225116769677 1 -1.37913838983513
13 49.2771968200968 1 -1.37913838983513
13 50.0247390547822 1 -1.37913838983513
13 51.109018100105 1 -1.37913838983513
13 56.3108689437791 1 -1.37913838983513
13 56.3782908625049 1 -1.37913838983513
13 57.8855907760975 1 -1.37913838983513
13 58.8418569529174 1 -1.37913838983513
13 61.75050709646 1 -1.37913838983513
13 62.9676603646367 1 -1.37913838983513
13 63.2915649249854 1 -1.37913838983513
13 67.0911553593753 1 -1.37913838983513
13 70.3201527287458 1 -1.37913838983513
13 70.6210877176984 1 -1.37913838983513
13 84 0 -1.37913838983513
14 168 0 -0.182937037898228
15 4.16009065230392 1 0.620956846978515
15 5.07792571027579 1 0.620956846978515
15 5.11714698187579 1 0.620956846978515
15 7.97877044293475 1 0.620956846978515
15 8.20125844053433 1 0.620956846978515
15 11.8890329454305 1 0.620956846978515
15 14.0845387565061 1 0.620956846978515
15 22.4084776412422 1 0.620956846978515
15 23.3915019342298 1 0.620956846978515
15 30.1760258384061 1 0.620956846978515
15 30.4440060058357 1 0.620956846978515
15 36.5146827952443 1 0.620956846978515
15 37.3118795966478 1 0.620956846978515
15 39.093086507987 1 0.620956846978515
15 43.5676428986751 1 0.620956846978515
15 46.3028324057469 1 0.620956846978515
15 51.4754740225079 1 0.620956846978515
15 55.1842924003367 1 0.620956846978515
15 57.2608869785283 1 0.620956846978515
15 60.6542724900693 1 0.620956846978515
15 65.8628367933875 1 0.620956846978515
15 66.9465101828772 1 0.620956846978515
15 67.3130623933174 1 0.620956846978515
15 70.1908886553136 1 0.620956846978515
15 70.4274274198053 1 0.620956846978515
15 71.8625656297239 1 0.620956846978515
15 72.9587015200257 1 0.620956846978515
15 74.2539084342844 1 0.620956846978515
15 74.7155516784624 1 0.620956846978515
15 78.4672129509576 1 0.620956846978515
15 79.1976459014331 1 0.620956846978515
15 81.8306719353975 1 0.620956846978515
15 84 0 0.620956846978515
16 12.5234976786744 1 1.09178793872707
16 18.3877148641541 1 1.09178793872707
16 23.1761755261413 1 1.09178793872707
16 30.2099671542994 1 1.09178793872707
16 35.6322233588815 1 1.09178793872707
16 36.2009242281062 1 1.09178793872707
16 44.8944554057569 1 1.09178793872707
16 51.8196921653002 1 1.09178793872707
16 56.4591346451651 1 1.09178793872707
16 59.9863303780968 1 1.09178793872707
16 82.1776549173313 1 1.09178793872707
16 88.7866026299665 1 1.09178793872707
16 96.0446968791759 1 1.09178793872707
16 123.297630014413 1 1.09178793872707
16 140.453231123286 1 1.09178793872707
16 146.912955864035 1 1.09178793872707
16 149.88095257856 1 1.09178793872707
16 152.185714418405 1 1.09178793872707
16 152.667262897054 1 1.09178793872707
16 152.779810082952 1 1.09178793872707
16 168 0 1.09178793872707
17 2.18236089696496 1 0.644369865534827
17 6.3624311092147 1 0.644369865534827
17 117.051498381049 1 0.644369865534827
17 133.959561714512 1 0.644369865534827
17 159.980874380665 1 0.644369865534827
17 168 0 0.644369865534827
18 7.78594317141668 1 -1.11936931754462
18 19.5828699788026 1 -1.11936931754462
18 50.1357993807641 1 -1.11936931754462
18 74.2724012019744 1 -1.11936931754462
18 75.2371972919189 1 -1.11936931754462
18 139.673869015573 1 -1.11936931754462
18 143.556805441052 1 -1.11936931754462
18 152.637266597439 1 -1.11936931754462
18 153.332050099054 1 -1.11936931754462
18 155.113541279545 1 -1.11936931754462
18 160.947408204766 1 -1.11936931754462
18 168 0 -1.11936931754462
19 87.444714328701 1 1.10225223074667
19 160.022146784736 1 1.10225223074667
19 168 0 1.10225223074667
20 0.161024787657919 1 0.223889112006873
20 1.37351297904007 1 0.223889112006873
20 1.39379116055032 1 0.223889112006873
20 2.99745313613794 1 0.223889112006873
20 4.9994134458442 1 0.223889112006873
20 5.07382441433448 1 0.223889112006873
20 5.40877665782042 1 0.223889112006873
20 5.79399313701019 1 0.223889112006873
20 5.92844100864159 1 0.223889112006873
20 6.08787741175701 1 0.223889112006873
20 7.06599301773058 1 0.223889112006873
20 7.38378784159929 1 0.223889112006873
20 7.94972266698283 1 0.223889112006873
20 8.22814704723517 1 0.223889112006873
20 8.70007734090021 1 0.223889112006873
20 10.1472953790437 1 0.223889112006873
20 11.4806030677321 1 0.223889112006873
20 13.4970613738716 1 0.223889112006873
20 13.7641469099607 1 0.223889112006873
20 13.9334974120577 1 0.223889112006873
20 16.0017539616549 1 0.223889112006873
20 17.6714765556 1 0.223889112006873
20 18.6374858271041 1 0.223889112006873
20 20.9424399652821 1 0.223889112006873
20 21.2411077490152 1 0.223889112006873
20 21.2486725018143 1 0.223889112006873
20 21.5138210075388 1 0.223889112006873
20 22.2552329590183 1 0.223889112006873
20 22.6847151836448 1 0.223889112006873
20 23.4034055241654 1 0.223889112006873
20 23.5705333631399 1 0.223889112006873
20 25.1531050463827 1 0.223889112006873
20 25.2948057684846 1 0.223889112006873
20 27.2893828389979 1 0.223889112006873
20 27.659811464112 1 0.223889112006873
20 28 0 0.223889112006873
21 17.2569763800394 1 0.591255846899003
21 31.528577236651 1 0.591255846899003
21 49.5937826748112 1 0.591255846899003
21 60.5967645983887 1 0.591255846899003
21 67.5956503097583 1 0.591255846899003
21 137.056305629624 1 0.591255846899003
21 139.669571809262 1 0.591255846899003
21 150.391311636472 1 0.591255846899003
21 166.285058367763 1 0.591255846899003
21 168 0 0.591255846899003
22 3.42004557178407 1 -1.13581393053755
22 45.0566367876329 1 -1.13581393053755
22 71.7556757961126 1 -1.13581393053755
22 76.3227082142308 1 -1.13581393053755
22 87.4774121647057 1 -1.13581393053755
22 111.527638837183 1 -1.13581393053755
22 168 0 -1.13581393053755
23 0.963429792493038 1 -0.982392550678924
23 93.8702638467305 1 -0.982392550678924
23 116.99387388762 1 -0.982392550678924
23 168 0 -0.982392550678924
24 2.27958388736396 1 -1.22835416696034
24 8.4006062997975 1 -1.22835416696034
24 15.4004512604603 1 -1.22835416696034
24 27.5200432309621 1 -1.22835416696034
24 28.8959513659675 1 -1.22835416696034
24 34.433996672493 1 -1.22835416696034
24 38.4704187087283 1 -1.22835416696034
24 56 0 -1.22835416696034
25 9.19868911636864 1 0.872063621180132
25 15.3998524360838 1 0.872063621180132
25 18.6035322964301 1 0.872063621180132
25 31.6742503759089 1 0.872063621180132
25 32.5017928282508 1 0.872063621180132
25 36.4444192879952 1 0.872063621180132
25 67.2443125215898 1 0.872063621180132
25 116.12650768209 1 0.872063621180132
25 150.931714569085 1 0.872063621180132
25 157.770406775556 1 0.872063621180132
25 162.43229237532 1 0.872063621180132
25 168 0 0.872063621180132
26 1.50083610861485 1 -1.03395983017981
26 2.29400559184969 1 -1.03395983017981
26 8.51361024834268 1 -1.03395983017981
26 15.7252944832455 1 -1.03395983017981
26 20.7962528682722 1 -1.03395983017981
26 28.4849087081807 1 -1.03395983017981
26 30.3055142472619 1 -1.03395983017981
26 41.7427770634508 1 -1.03395983017981
26 44.495285633359 1 -1.03395983017981
26 45.1969083987929 1 -1.03395983017981
26 45.9654419155058 1 -1.03395983017981
26 49.3106729305965 1 -1.03395983017981
26 55.5430704234053 1 -1.03395983017981
26 73.1755196355261 1 -1.03395983017981
26 80.4501819852977 1 -1.03395983017981
26 86.2935216037149 1 -1.03395983017981
26 87.0342357087892 1 -1.03395983017981
26 89.1830483534555 1 -1.03395983017981
26 116.248908446321 1 -1.03395983017981
26 121.35571077816 1 -1.03395983017981
26 122.506986032194 1 -1.03395983017981
26 126.707426940942 1 -1.03395983017981
26 127.766538430781 1 -1.03395983017981
26 162.396997676892 1 -1.03395983017981
26 168 0 -1.03395983017981
27 2.83439908645328 1 -0.078238382935524
27 4.68488524286801 1 -0.078238382935524
27 10.5408304151114 1 -0.078238382935524
27 33.0658865512794 1 -0.078238382935524
27 56.1258894337371 1 -0.078238382935524
27 74.0794525762012 1 -0.078238382935524
27 78.5094187593951 1 -0.078238382935524
27 79.0675368915098 1 -0.078238382935524
27 93.2938914916098 1 -0.078238382935524
27 101.226319283355 1 -0.078238382935524
27 118.174896400683 1 -0.078238382935524
27 120.46306598926 1 -0.078238382935524
27 123.764511155184 1 -0.078238382935524
27 159.559266731253 1 -0.078238382935524
27 168 0 -0.078238382935524
28 4.81583078586256 1 -0.0557048949413002
28 7.63008839200345 1 -0.0557048949413002
28 18.6654616766461 1 -0.0557048949413002
28 21.3547746228668 1 -0.0557048949413002
28 35.3874971402973 1 -0.0557048949413002
28 64.8620461302778 1 -0.0557048949413002
28 84.3730043643126 1 -0.0557048949413002
28 95.8937719787457 1 -0.0557048949413002
28 96.0883634669816 1 -0.0557048949413002
28 116.86609784859 1 -0.0557048949413002
28 125.681425854381 1 -0.0557048949413002
28 131.991215938841 1 -0.0557048949413002
28 132.089348572776 1 -0.0557048949413002
28 146.846210284974 1 -0.0557048949413002
28 166.194807840474 1 -0.0557048949413002
28 168 0 -0.0557048949413002
29 2.43117876042591 1 -0.442498801276088
29 3.09819484057369 1 -0.442498801276088
29 3.62296110791672 1 -0.442498801276088
29 3.64316221000206 1 -0.442498801276088
29 3.93973661632459 1 -0.442498801276088
29 4.07203991083535 1 -0.442498801276088
29 5.21213088974777 1 -0.442498801276088
29 5.21564484052216 1 -0.442498801276088
29 6.80445175755828 1 -0.442498801276088
29 6.81822366593065 1 -0.442498801276088
29 7.01425218460682 1 -0.442498801276088
29 8.39682183239361 1 -0.442498801276088
29 8.52045955266464 1 -0.442498801276088
29 9.21867511722959 1 -0.442498801276088
29 9.52498814766196 1 -0.442498801276088
29 12.9064359757676 1 -0.442498801276088
29 13.5408168970211 1 -0.442498801276088
29 16.6390832783024 1 -0.442498801276088
29 18.0749472570612 1 -0.442498801276088
29 19.581279340694 1 -0.442498801276088
29 19.6644928582333 1 -0.442498801276088
29 21.5244371012754 1 -0.442498801276088
29 21.8685138745779 1 -0.442498801276088
29 22.6495825370934 1 -0.442498801276088
29 24.322400377889 1 -0.442498801276088
29 24.6851028530372 1 -0.442498801276088
29 26.2091484118333 1 -0.442498801276088
29 27.3079075484719 1 -0.442498801276088
29 27.8280464785571 1 -0.442498801276088
29 28 0 -0.442498801276088
30 168 0 -0.127720527816564
